559544
559545
559561
559574
559575
559595
559596
559613
559614
559615
559616
559617
559631
559632
559679
559680
559681
559713
559731
559749
559762
559781
559782
559783
559784
559802
559804
559828
559830
559843
559856
559901
559902
559903
559917
559919
559920
559933
559966
559968
559969
559970
559987
560012
560031
560033
560034
560049
560066
560067
560070
560089
560090
560105
560106
560123
560127
560141
560142
560162
560163
560229
560243
560244
560262
560277
560278
560279
560314
560332
560333
560334
560352
560354
560355
560371
560372
560373
560374
560397
560399
560401
560402
